1467
9
329
329
0 1 1 75 196 23 (D 0,1,1) (S 27,3,9) (S 45,8,7) (S 38,7,1) (S 55,1,7) (S 40,7,8) (S 36,8,9) (S 89,3,2) (S 1,2,2) (S 52,2,8) (S 3,10,10) (S 74,16,15) (S 34,9,10) (S 35,10,11) (S 4,11,11) (S 9,17,17) (S 83,20,17) (S 33,11,17) (S 31,4,5) (S 53,4,10) (S 73,1,2) (S 41,39,40) (D 0,1,1)
0 1 2 75 165 13 (D 0,1,1) (S 47,3,4) (S 2,4,4) (S 60,8,2) (S 23,9,14) (S 61,14,24) (S 91,24,14) (S 12,23,23) (S 66,23,13) (S 86,13,7) (S 50,19,20) (S 63,40,41) (D 0,1,1)
0 1 3 75 180 14 (D 0,1,1) (S 10,19,19) (S 11,20,20) (S 44,11,5) (S 93,12,11) (S 32,11,16) (S 77,26,19) (S 64,27,20) (S 28,17,18) (S 5,12,12) (S 88,6,12) (S 48,23,14) (S 80,13,23) (D 0,1,1)
0 1 4 75 140 13 (D 0,1,1) (S 6,14,14) (S 56,13,14) (S 24,24,25) (S 75,25,26) (S 15,26,26) (S 72,26,32) (S 85,27,21) (S 30,21,22) (S 94,22,28) (S 84,28,22) (S 39,33,27) (D 0,1,1)
0 1 5 75 142 10 (D 0,1,1) (S 8,16,16) (S 25,20,21) (S 37,32,26) (S 14,25,25) (S 13,24,24) (S 49,29,23) (S 62,23,29) (S 17,29,29) (D 0,1,1)
0 1 6 74 166 9 (D 0,1,1) (S 7,15,15) (S 43,30,29) (S 69,29,34) (S 67,34,29) (S 18,30,30) (S 70,31,32) (S 22,40,40) (D 0,1,1)
0 1 7 75 192 12 (D 0,1,1) (S 29,5,6) (S 54,18,22) (S 58,28,27) (S 90,32,36) (S 78,36,32) (S 65,36,37) (S 51,37,33) (S 42,36,35) (S 19,34,34) (S 68,37,41) (D 0,1,1)
0 1 8 75 183 12 (D 0,1,1) (S 16,27,27) (S 71,41,37) (S 57,37,36) (S 26,36,40) (S 46,41,40) (S 82,39,35) (S 76,35,36) (S 21,39,39) (S 92,39,36) (S 79,38,39) (D 0,1,1)
0 1 9 28 103 6 (D 0,1,1) (S 81,31,35) (S 20,35,35) (S 59,38,34) (S 87,34,38) (D 0,1,1)
