218
7
22
1
0 1 1 27 52 13 (D 0,1,1) (S 16,3,10) (S 13,8,10) (S 18,2,9) (S 15,6,11) (S 25,1,3) (S 19,4,7) (S 28,7,9) (S 6,9,9) (S 7,1,10) (S 5,8,8) (S 9,1,5) (D 0,1,1)
0 1 2 27 32 7 (D 0,1,1) (S 21,1,2) (S 23,2,6) (S 12,6,9) (S 14,9,10) (S 20,7,8) (D 0,1,1)
0 1 3 26 31 6 (D 0,1,1) (S 24,1,6) (S 17,6,10) (S 10,3,11) (S 27,1,11) (D 0,1,1)
0 1 4 27 47 6 (D 0,1,1) (S 8,5,7) (S 4,7,7) (S 3,6,6) (S 11,4,9) (D 0,1,1)
0 1 5 17 20 4 (D 0,1,1) (S 22,2,4) (S 26,4,8) (D 0,1,1)
0 1 6 11 15 3 (D 0,1,1) (S 2,3,3) (D 0,1,1)
0 1 7 19 21 3 (D 0,1,1) (S 1,2,2) (D 0,1,1)
