265
9
21
21
0 1 1 25 40 14 (D 0,1,1) (S 4,5,5) (S 22,5,8) (S 15,2,11) (S 9,7,10) (S 26,3,5) (S 32,1,9) (S 31,9,11) (S 33,2,8) (S 13,1,7) (S 25,6,9) (S 35,2,3) (S 8,6,7) (D 0,1,1)
0 1 2 26 34 8 (D 0,1,1) (S 12,1,3) (S 11,7,9) (S 36,4,9) (S 19,1,4) (S 1,2,2) (S 14,7,11) (D 0,1,1)
0 1 3 23 29 6 (D 0,1,1) (S 17,1,11) (S 28,1,2) (S 16,4,5) (S 18,6,8) (D 0,1,1)
0 1 4 22 28 5 (D 0,1,1) (S 5,6,6) (S 24,5,7) (S 37,2,4) (D 0,1,1)
0 1 5 24 28 5 (D 0,1,1) (S 30,5,10) (S 7,10,10) (S 29,3,9) (D 0,1,1)
0 1 6 26 31 5 (D 0,1,1) (S 6,8,8) (S 27,5,11) (S 34,2,5) (D 0,1,1)
0 1 7 26 33 5 (D 0,1,1) (S 10,9,10) (S 21,3,11) (S 20,4,6) (D 0,1,1)
0 1 8 19 24 4 (D 0,1,1) (S 23,4,11) (S 2,3,3) (D 0,1,1)
0 1 9 14 18 3 (D 0,1,1) (S 3,4,4) (D 0,1,1)
