329
12
146
0
0 1 1 26 37 12 (D 0,1,1) (S 19,1,9) (S 14,7,10) (S 21,4,9) (S 28,5,11) (S 12,1,4) (S 24,6,9) (S 9,9,11) (S 10,3,5) (S 30,5,10) (S 31,10,11) (D 0,1,1)
0 1 2 27 37 7 (D 0,1,1) (S 16,1,10) (S 11,4,7) (S 29,9,10) (S 15,3,10) (S 18,2,6) (D 0,1,1)
0 1 3 26 31 6 (D 0,1,1) (S 22,2,4) (S 34,1,2) (S 17,2,5) (S 26,3,9) (D 0,1,1)
0 1 4 23 25 5 (D 0,1,1) (S 27,1,11) (S 32,1,6) (S 20,6,8) (D 0,1,1)
0 1 5 24 30 5 (D 0,1,1) (S 13,1,7) (S 8,8,9) (S 33,2,11) (D 0,1,1)
0 1 6 18 23 4 (D 0,1,1) (S 25,2,8) (S 23,1,5) (D 0,1,1)
0 1 7 24 32 4 (D 0,1,1) (S 5,6,6) (S 4,5,5) (D 0,1,1)
0 1 8 13 17 3 (D 0,1,1) (S 6,7,7) (D 0,1,1)
0 1 9 16 18 3 (D 0,1,1) (S 7,8,8) (D 0,1,1)
0 1 10 18 24 3 (D 0,1,1) (S 2,3,3) (D 0,1,1)
0 1 11 24 26 3 (D 0,1,1) (S 3,4,4) (D 0,1,1)
0 1 12 27 29 3 (D 0,1,1) (S 1,2,2) (D 0,1,1)
