416
7
43
43
0 1 1 38 74 8 (D 0,1,1) (S 8,5,7) (S 9,7,9) (S 22,3,7) (S 6,7,7) (S 2,3,3) (S 11,6,7) (D 0,1,1)
0 1 2 41 52 6 (D 0,1,1) (S 21,1,7) (S 5,6,6) (S 17,3,6) (S 24,3,1) (D 0,1,1)
0 1 3 37 64 5 (D 0,1,1) (S 19,4,1) (S 15,2,1) (S 3,4,4) (D 0,1,1)
0 1 4 40 69 6 (D 0,1,1) (S 14,2,5) (S 13,5,6) (S 16,2,3) (S 1,2,2) (D 0,1,1)
0 1 5 40 73 5 (D 0,1,1) (S 18,4,5) (S 4,5,5) (S 23,8,10) (D 0,1,1)
0 1 6 40 51 5 (D 0,1,1) (S 20,1,8) (S 12,8,9) (S 7,9,9) (D 0,1,1)
0 1 7 9 33 3 (D 0,1,1) (S 10,7,8) (D 0,1,1)
