52468
28
2180
2180
0 1 1 1554 2840 12 (D 0,22,22) (S 20,10,16) (S 31,16,21) (S 5,3,4) (S 18,10,11) (S 17,9,19) (S 58,30,31) (S 56,29,37) (S 71,37,38) (S 57,29,38) (S 48,25,33) (D 0,22,22)
0 1 2 1500 2035 7 (D 0,22,22) (S 29,15,20) (S 55,29,30) (S 60,31,32) (S 27,14,24) (S 46,24,32) (D 0,22,22)
0 1 3 1473 2137 7 (D 0,22,22) (S 43,22,30) (S 76,39,50) (S 91,51,52) (S 77,40,41) (S 68,35,36) (D 0,22,22)
0 1 4 1489 2121 7 (D 0,22,22) (S 41,21,29) (S 53,28,29) (S 51,27,28) (S 16,9,10) (S 14,8,9) (D 0,22,22)
0 1 5 1556 2009 6 (D 0,22,22) (S 10,5,12) (S 24,12,22) (S 44,23,24) (S 63,32,41) (D 0,22,22)
0 1 6 1487 1989 6 (D 0,22,22) (S 32,17,21) (S 30,16,17) (S 7,4,5) (S 3,2,3) (D 0,22,22)
0 1 7 1473 2158 7 (D 0,22,22) (S 39,20,29) (S 88,48,49) (S 84,44,47) (S 80,42,43) (S 83,43,46) (D 0,22,22)
0 1 8 1371 1665 5 (D 0,22,22) (S 45,23,31) (S 61,31,40) (S 78,40,51) (D 0,22,22)
0 1 9 1524 2271 6 (D 0,22,22) (S 23,12,13) (S 12,6,13) (S 11,6,7) (S 47,25,26) (D 0,22,22)
0 1 10 1402 1700 5 (D 0,22,22) (S 21,11,12) (S 22,11,17) (S 28,15,16) (D 0,22,22)
0 1 11 1476 1860 5 (D 0,22,22) (S 40,21,22) (S 19,10,15) (S 6,3,10) (D 0,22,22)
0 1 12 1367 1947 5 (D 0,22,22) (S 8,4,11) (S 13,7,14) (S 62,32,40) (D 0,22,22)
0 1 13 1176 1791 5 (D 0,22,22) (S 89,49,50) (S 90,50,51) (S 86,46,47) (D 0,22,22)
0 1 14 1280 1709 5 (D 0,22,22) (S 33,18,19) (S 36,19,26) (S 70,36,37) (D 0,22,22)
0 1 15 1308 1456 4 (D 0,22,22) (S 42,22,23) (S 26,13,23) (D 0,22,22)
0 1 16 1352 1786 5 (D 0,22,22) (S 38,20,28) (S 72,37,48) (S 87,47,48) (D 0,22,22)
0 1 17 1513 2131 5 (D 0,22,22) (S 75,39,40) (S 79,41,52) (S 66,34,35) (D 0,22,22)
0 1 18 1109 1500 4 (D 0,22,22) (S 59,30,39) (S 52,27,36) (D 0,22,22)
0 1 19 1566 2084 5 (D 0,22,22) (S 37,20,21) (S 4,2,9) (S 15,8,18) (D 0,22,22)
0 1 20 1244 1548 4 (D 0,22,22) (S 9,5,6) (S 25,13,14) (D 0,22,22)
0 1 21 1282 1669 4 (D 0,22,22) (S 73,38,39) (S 74,38,49) (D 0,22,22)
0 1 22 1549 2073 5 (D 0,22,22) (S 69,35,44) (S 82,43,44) (S 65,33,42) (D 0,22,22)
0 1 23 1126 1576 4 (D 0,22,22) (S 64,33,34) (S 67,34,43) (D 0,22,22)
0 1 24 1342 1692 4 (D 0,22,22) (S 49,26,27) (S 54,28,37) (D 0,22,22)
0 1 25 1136 1652 4 (D 0,22,22) (S 2,1,8) (S 34,18,25) (D 0,22,22)
0 1 26 1454 1890 4 (D 0,22,22) (S 35,19,20) (S 50,26,35) (D 0,22,22)
0 1 27 1271 1986 4 (D 0,22,22) (S 1,1,2) (S 81,42,45) (D 0,22,22)
0 1 28 708 1193 3 (D 0,22,22) (S 85,45,46) (D 0,22,22)
