429
8
47
0
0 1 1 38 52 9 (D 0,1,1) (S 8,1,6) (S 5,6,6) (S 9,6,7) (S 13,7,9) (S 7,9,9) (S 17,4,2) (S 16,2,1) (D 0,1,1)
0 1 2 41 86 7 (D 0,1,1) (S 15,2,5) (S 12,5,6) (S 20,3,6) (S 18,2,3) (S 10,8,9) (D 0,1,1)
0 1 3 37 76 5 (D 0,1,1) (S 14,1,9) (S 1,2,2) (S 19,8,10) (D 0,1,1)
0 1 4 21 57 4 (D 0,1,1) (S 21,1,8) (S 11,7,8) (D 0,1,1)
0 1 5 27 35 3 (D 0,1,1) (S 6,7,7) (D 0,1,1)
0 1 6 22 36 3 (D 0,1,1) (S 4,5,5) (D 0,1,1)
0 1 7 24 40 3 (D 0,1,1) (S 2,3,3) (D 0,1,1)
0 1 8 35 47 3 (D 0,1,1) (S 3,4,4) (D 0,1,1)
