342
13
32
0
0 1 1 26 44 16 (D 0,1,1) (S 34,1,9) (S 10,3,11) (S 29,3,6) (S 27,6,11) (S 36,4,6) (S 38,4,9) (S 39,7,10) (S 28,10,11) (S 37,1,3) (S 19,5,8) (S 11,1,8) (S 21,7,11) (S 31,4,5) (S 4,5,5) (D 0,1,1)
0 1 2 24 38 8 (D 0,1,1) (S 25,1,10) (S 22,3,7) (S 26,3,8) (S 33,6,9) (S 30,5,10) (S 16,5,6) (D 0,1,1)
0 1 3 24 27 6 (D 0,1,1) (S 17,1,2) (S 13,2,5) (S 32,5,9) (S 18,3,4) (D 0,1,1)
0 1 4 22 26 5 (D 0,1,1) (S 24,1,6) (S 20,6,7) (S 9,11,11) (D 0,1,1)
0 1 5 24 30 5 (D 0,1,1) (S 35,1,7) (S 15,8,10) (S 14,4,10) (D 0,1,1)
0 1 6 16 23 4 (D 0,1,1) (S 12,2,3) (S 23,1,5) (D 0,1,1)
0 1 7 14 18 3 (D 0,1,1) (S 6,7,7) (D 0,1,1)
0 1 8 15 19 3 (D 0,1,1) (S 5,6,6) (D 0,1,1)
0 1 9 17 19 3 (D 0,1,1) (S 7,8,8) (D 0,1,1)
0 1 10 15 21 3 (D 0,1,1) (S 2,3,3) (D 0,1,1)
0 1 11 20 24 3 (D 0,1,1) (S 8,9,9) (D 0,1,1)
0 1 12 24 26 3 (D 0,1,1) (S 1,2,2) (D 0,1,1)
0 1 13 25 27 3 (D 0,1,1) (S 3,4,4) (D 0,1,1)
