258
9
18
0
0 1 1 25 33 12 (D 0,1,1) (S 4,5,5) (S 13,5,8) (S 7,8,8) (S 30,2,11) (S 25,3,4) (S 15,2,3) (S 19,3,7) (S 29,7,10) (S 28,1,7) (S 6,7,7) (D 0,1,1)
0 1 2 25 33 8 (D 0,1,1) (S 18,1,3) (S 12,7,9) (S 8,9,9) (S 9,4,9) (S 24,2,9) (S 5,6,6) (D 0,1,1)
0 1 3 23 27 6 (D 0,1,1) (S 22,1,8) (S 26,1,11) (S 32,1,6) (S 11,6,8) (D 0,1,1)
0 1 4 27 36 6 (D 0,1,1) (S 17,3,10) (S 10,4,7) (S 21,4,5) (S 33,5,10) (D 0,1,1)
0 1 5 25 29 5 (D 0,1,1) (S 14,5,7) (S 27,2,5) (S 23,5,11) (D 0,1,1)
0 1 6 25 35 5 (D 0,1,1) (S 16,1,10) (S 20,9,10) (S 31,4,11) (D 0,1,1)
0 1 7 15 19 3 (D 0,1,1) (S 1,2,2) (D 0,1,1)
0 1 8 20 22 3 (D 0,1,1) (S 2,3,3) (D 0,1,1)
0 1 9 20 24 3 (D 0,1,1) (S 3,4,4) (D 0,1,1)
