306
7
82
3
0 1 1 20 31 8 (D 0,1,1) (S 1,2,2) (S 26,4,2) (S 2,3,3) (S 19,3,4) (S 3,4,4) (S 22,1,2) (D 0,1,1)
0 1 2 20 41 9 (D 0,1,1) (S 18,5,10) (S 6,9,9) (S 17,9,19) (S 29,19,20) (S 27,20,23) (S 7,10,10) (S 34,11,12) (D 0,1,1)
0 1 3 20 45 10 (D 0,1,1) (S 24,10,20) (S 35,16,12) (S 9,12,12) (S 30,12,11) (S 8,11,11) (S 25,6,12) (S 33,12,6) (S 11,15,15) (D 0,1,1)
0 1 4 20 45 5 (D 0,1,1) (S 4,5,5) (S 36,22,19) (S 16,22,23) (D 0,1,1)
0 1 5 20 43 5 (D 0,1,1) (S 15,23,23) (S 14,21,21) (S 12,16,16) (D 0,1,1)
0 1 6 20 52 8 (D 0,1,1) (S 10,13,13) (S 13,17,17) (S 32,18,17) (S 21,6,7) (S 5,7,7) (S 31,8,7) (D 0,1,1)
0 1 7 17 49 5 (D 0,1,1) (S 28,13,14) (S 20,14,18) (S 23,8,14) (D 0,1,1)
