236
9
127
5
0 1 1 26 31 13 (D 0,1,1) (S 11,7,10) (S 19,3,4) (S 16,4,10) (S 24,6,10) (S 20,2,3) (S 15,2,11) (S 21,1,3) (S 27,1,6) (S 18,6,7) (S 5,6,6) (S 25,5,8) (D 0,1,1)
0 1 2 12 15 4 (D 0,1,1) (S 26,3,9) (S 8,9,9) (D 0,1,1)
0 1 3 27 30 6 (D 0,1,1) (S 31,6,8) (S 7,8,8) (S 17,2,4) (S 12,4,8) (D 0,1,1)
0 1 4 16 19 4 (D 0,1,1) (S 28,5,10) (S 9,10,10) (D 0,1,1)
0 1 5 25 28 5 (D 0,1,1) (S 4,5,5) (S 13,5,11) (S 10,11,11) (D 0,1,1)
0 1 6 21 24 4 (D 0,1,1) (S 22,3,11) (S 6,7,7) (D 0,1,1)
0 1 7 25 29 5 (D 0,1,1) (S 23,4,9) (S 29,9,10) (S 2,3,3) (D 0,1,1)
0 1 8 27 30 4 (D 0,1,1) (S 3,4,4) (S 14,4,5) (D 0,1,1)
0 1 9 26 30 4 (D 0,1,1) (S 30,1,11) (S 1,2,2) (D 0,1,1)
