193
6
96
10
0 1 1 27 21 13 (D 0,1,1) (S 27,2,9) (S 11,7,9) (S 10,6,10) (S 15,1,7) (S 4,7,7) (S 9,3,6) (S 22,6,11) (S 20,7,8) (S 5,8,8) (S 8,3,10) (S 2,3,3) (D 0,1,1)
0 1 2 26 38 9 (D 0,1,1) (S 24,2,6) (S 23,1,8) (S 14,4,7) (S 26,7,10) (S 16,1,10) (S 31,1,5) (S 18,5,7) (D 0,1,1)
0 1 3 27 35 6 (D 0,1,1) (S 21,1,6) (S 7,11,11) (S 12,1,9) (S 6,9,9) (D 0,1,1)
0 1 4 27 33 6 (D 0,1,1) (S 28,2,5) (S 13,2,4) (S 25,2,3) (S 19,3,11) (D 0,1,1)
0 1 5 25 40 5 (D 0,1,1) (S 30,4,9) (S 3,6,6) (S 17,4,8) (D 0,1,1)
0 1 6 22 26 4 (D 0,1,1) (S 29,3,5) (S 1,2,2) (D 0,1,1)
