711
9
264
12
0 1 1 26 50 7 (D 0,1,1) (S 4,5,5) (S 27,2,4) (S 33,10,2) (S 23,5,11) (S 7,11,11) (D 0,1,1)
0 1 2 44 56 10 (D 0,1,1) (S 16,23,24) (S 31,15,21) (S 40,21,15) (S 9,15,15) (S 48,20,15) (S 39,9,19) (S 2,3,3) (S 22,3,10) (D 0,1,1)
0 1 3 43 90 7 (D 0,1,1) (S 18,22,23) (S 14,24,24) (S 28,21,24) (S 47,19,9) (S 26,19,20) (D 0,1,1)
0 1 4 45 69 6 (D 0,1,1) (S 43,1,19) (S 6,9,9) (S 19,3,4) (S 45,5,6) (D 0,1,1)
0 1 5 45 95 13 (D 0,1,1) (S 1,2,2) (S 3,4,4) (S 29,13,17) (S 32,12,17) (S 38,17,16) (S 10,16,16) (S 11,17,17) (S 41,17,12) (S 8,12,12) (S 46,17,18) (S 12,18,18) (D 0,1,1)
0 1 6 43 91 8 (D 0,1,1) (S 25,6,11) (S 17,7,13) (S 34,7,6) (S 42,8,14) (S 20,14,18) (S 37,16,17) (D 0,1,1)
0 1 7 42 102 5 (D 0,1,1) (S 21,21,23) (S 13,20,20) (S 44,14,8) (D 0,1,1)
0 1 8 42 103 5 (D 0,1,1) (S 30,19,22) (S 5,6,6) (S 24,13,14) (D 0,1,1)
0 1 9 28 55 5 (D 0,1,1) (S 15,7,8) (S 35,6,5) (S 36,11,1) (D 0,1,1)
