693
9
189
6
0 1 1 38 44 11 (D 0,1,1) (S 33,1,11) (S 46,11,1) (S 20,1,5) (S 29,5,4) (S 44,4,5) (S 1,2,2) (S 26,2,10) (S 40,10,2) (S 17,2,5) (D 0,1,1)
0 1 2 42 74 8 (D 0,1,1) (S 24,1,20) (S 9,15,15) (S 39,15,20) (S 21,5,11) (S 25,12,16) (S 10,16,16) (D 0,1,1)
0 1 3 45 67 7 (D 0,1,1) (S 32,9,19) (S 43,19,9) (S 23,3,4) (S 37,5,6) (S 6,12,12) (D 0,1,1)
0 1 4 45 77 7 (D 0,1,1) (S 34,1,9) (S 2,3,3) (S 13,19,19) (S 15,23,23) (S 27,24,21) (D 0,1,1)
0 1 5 41 103 10 (D 0,1,1) (S 31,20,15) (S 28,20,21) (S 14,21,21) (S 35,16,17) (S 41,17,16) (S 18,7,13) (S 42,13,17) (S 45,17,18) (D 0,1,1)
0 1 6 40 92 8 (D 0,1,1) (S 5,8,8) (S 11,17,17) (S 12,18,18) (S 7,13,13) (S 4,7,7) (S 38,7,6) (D 0,1,1)
0 1 7 39 88 5 (D 0,1,1) (S 16,21,23) (S 22,22,23) (S 19,6,11) (D 0,1,1)
0 1 8 39 93 5 (D 0,1,1) (S 36,19,22) (S 30,1,19) (S 8,14,14) (D 0,1,1)
0 1 9 29 55 3 (D 0,1,1) (S 3,6,6) (D 0,1,1)
