489
10
214
7
0 1 1 27 23 14 (D 0,1,1) (S 31,1,24) (S 46,25,26) (S 4,8,8) (S 43,12,13) (S 14,13,14) (S 2,4,4) (S 20,4,12) (S 1,2,2) (S 29,4,19) (S 40,12,19) (S 36,3,6) (S 17,3,4) (D 0,1,1)
0 1 2 27 76 9 (D 0,1,1) (S 19,1,19) (S 26,1,27) (S 37,8,9) (S 21,5,9) (S 5,10,10) (S 15,15,20) (S 7,16,16) (D 0,1,1)
0 1 3 27 44 6 (D 0,1,1) (S 42,1,17) (S 27,15,17) (S 30,1,15) (S 47,13,15) (D 0,1,1)
0 1 4 25 34 5 (D 0,1,1) (S 10,1,3) (S 12,3,8) (S 23,24,27) (D 0,1,1)
0 1 5 26 52 6 (D 0,1,1) (S 38,22,25) (S 45,6,8) (S 33,4,5) (S 11,2,12) (D 0,1,1)
0 1 6 27 40 5 (D 0,1,1) (S 22,4,6) (S 3,6,6) (S 28,5,6) (D 0,1,1)
0 1 7 26 72 6 (D 0,1,1) (S 39,6,9) (S 24,7,11) (S 6,14,14) (S 25,21,22) (D 0,1,1)
0 1 8 25 50 5 (D 0,1,1) (S 9,26,26) (S 35,22,23) (S 8,23,23) (D 0,1,1)
0 1 9 22 45 6 (D 0,1,1) (S 41,18,25) (S 18,21,25) (S 13,14,20) (S 16,21,23) (D 0,1,1)
0 1 10 26 53 5 (D 0,1,1) (S 44,14,18) (S 34,18,21) (S 32,20,21) (D 0,1,1)
