792
8
152
6
0 1 1 32 46 7 (D 0,1,1) (S 16,2,4) (S 3,4,4) (S 15,3,4) (S 29,9,3) (S 41,3,1) (D 0,1,1)
0 1 2 40 83 7 (D 0,1,1) (S 2,3,3) (S 6,9,9) (S 30,19,9) (S 19,9,10) (S 42,11,5) (D 0,1,1)
0 1 3 40 133 10 (D 0,1,1) (S 7,10,10) (S 38,10,11) (S 8,11,11) (S 23,11,15) (S 26,15,21) (S 35,20,10) (S 45,20,23) (S 40,7,8) (D 0,1,1)
0 1 4 39 100 7 (D 0,1,1) (S 4,5,5) (S 28,16,15) (S 34,15,16) (S 32,16,12) (S 9,13,13) (D 0,1,1)
0 1 5 39 83 7 (D 0,1,1) (S 20,19,22) (S 44,22,23) (S 13,23,23) (S 31,23,22) (S 33,19,20) (D 0,1,1)
0 1 6 40 122 8 (D 0,1,1) (S 12,20,20) (S 24,21,24) (S 43,24,23) (S 25,23,24) (S 14,24,24) (S 39,18,14) (D 0,1,1)
0 1 7 40 118 8 (D 0,1,1) (S 27,21,15) (S 22,16,17) (S 11,17,17) (S 17,12,13) (S 5,8,8) (S 36,12,11) (D 0,1,1)
0 1 8 40 107 7 (D 0,1,1) (S 1,2,2) (S 37,12,6) (S 21,6,7) (S 18,8,14) (S 10,14,14) (D 0,1,1)
