199
7
155
4
0 1 1 27 38 12 (D 0,1,1) (S 11,2,9) (S 8,1,3) (S 16,1,5) (S 24,3,6) (S 10,6,9) (S 18,1,10) (S 17,1,7) (S 14,8,10) (S 5,8,8) (S 15,3,10) (D 0,1,1)
0 1 2 21 23 5 (D 0,1,1) (S 12,1,2) (S 19,3,11) (S 7,11,11) (D 0,1,1)
0 1 3 21 29 6 (D 0,1,1) (S 20,2,5) (S 9,5,7) (S 3,6,6) (S 23,6,10) (D 0,1,1)
0 1 4 21 28 4 (D 0,1,1) (S 21,4,9) (S 6,9,9) (D 0,1,1)
0 1 5 19 27 4 (D 0,1,1) (S 13,3,5) (S 2,4,4) (D 0,1,1)
0 1 6 20 27 4 (D 0,1,1) (S 22,6,7) (S 4,7,7) (D 0,1,1)
0 1 7 25 27 3 (D 0,1,1) (S 1,2,2) (D 0,1,1)
