761
8
201
8
0 1 1 32 42 7 (D 0,1,1) (S 30,1,3) (S 36,9,3) (S 2,3,3) (S 19,3,4) (S 1,2,2) (D 0,1,1)
0 1 2 39 78 8 (D 0,1,1) (S 18,4,5) (S 35,11,5) (S 7,11,11) (S 20,11,15) (S 44,15,16) (S 33,16,12) (D 0,1,1)
0 1 3 40 68 7 (D 0,1,1) (S 40,9,19) (S 42,19,9) (S 17,9,10) (S 6,10,10) (S 32,10,11) (D 0,1,1)
0 1 4 40 93 7 (D 0,1,1) (S 3,5,5) (S 11,20,20) (S 41,20,23) (S 43,23,20) (S 23,23,22) (D 0,1,1)
0 1 5 39 119 8 (D 0,1,1) (S 21,19,22) (S 38,22,23) (S 12,21,21) (S 29,24,21) (S 15,20,21) (S 45,17,13) (D 0,1,1)
0 1 6 40 140 7 (D 0,1,1) (S 22,19,20) (S 26,23,24) (S 24,24,23) (S 34,12,11) (S 37,14,18) (D 0,1,1)
0 1 7 40 110 11 (D 0,1,1) (S 39,15,21) (S 14,17,18) (S 10,18,18) (S 25,8,7) (S 5,7,7) (S 16,8,14) (S 31,14,13) (S 27,13,17) (S 8,12,12) (D 0,1,1)
0 1 8 40 111 6 (D 0,1,1) (S 13,1,2) (S 9,16,16) (S 28,12,6) (S 4,6,6) (D 0,1,1)
