191
7
51
4
0 1 1 26 26 11 (D 0,1,1) (S 16,2,9) (S 18,6,11) (S 15,1,2) (S 7,8,8) (S 8,10,10) (S 21,7,9) (S 19,9,10) (S 17,4,7) (S 10,7,11) (D 0,1,1)
0 1 2 26 37 8 (D 0,1,1) (S 20,1,8) (S 6,7,7) (S 23,7,8) (S 24,1,5) (S 4,5,5) (S 13,7,10) (D 0,1,1)
0 1 3 25 33 6 (D 0,1,1) (S 9,1,9) (S 12,6,9) (S 11,1,11) (S 22,2,8) (D 0,1,1)
0 1 4 15 17 3 (D 0,1,1) (S 1,2,2) (D 0,1,1)
0 1 5 23 27 4 (D 0,1,1) (S 14,2,4) (S 3,4,4) (D 0,1,1)
0 1 6 17 25 3 (D 0,1,1) (S 5,6,6) (D 0,1,1)
0 1 7 22 26 3 (D 0,1,1) (S 2,3,3) (D 0,1,1)
